tweet_id,favorites,retweets,user_followers
892420643555336193,36132,7695,8781173
892177421306343426,31153,5690,8781173
891815181378084864,23473,3774,8781173
891689557279858688,39410,7859,8781173
891327558926688256,37640,8467,8781173
891087950875897856,18967,2838,8781173
890971913173991426,11035,1846,8781173
890729181411237888,60851,17165,8781173
890609185150312448,26088,3908,8781173
890240255349198849,29845,6677,8781173
890006608113172480,28716,6663,8781173
889880896479866881,26117,4539,8781173
889665388333682689,44962,9102,8781173
889638837579907072,25322,4078,8781173
889531135344209921,14174,2052,8781173
889278841981685760,23590,4853,8781173
888917238123831296,27223,4095,8781173
888804989199671297,23948,3860,8781173
888554962724278272,18479,3169,8781173
888078434458587136,20397,3157,8781173
887705289381826560,28304,4905,8781173
887517139158093824,43411,10722,8781173
887473957103951883,64330,16370,8781173
887343217045368832,31497,9534,8781173
887101392804085760,28655,5429,8781173
886983233522544640,32662,6983,8781173
886736880519319552,11221,2929,8781173
886680336477933568,21035,4075,8781173
886366144734445568,19779,2884,8781173
886267009285017600,110,4,8781173
886258384151887873,26195,5752,8781173
886054160059072513,0,100,8781173
885984800019947520,30481,6115,8781173
885528943205470208,33642,5820,8781173
885518971528720385,19165,3400,8781173
885311592912609280,0,16865,8781173
885167619883638784,20488,3981,8781173
884925521741709313,72149,16471,8781173
884876753390489601,26052,5081,8781173
884562892145688576,22733,4280,8781173
884441805382717440,25363,5189,8781173
884247878851493888,67921,18499,8781173
884162670584377345,19106,2730,8781173
883838122936631299,20467,3131,8781173
883482846933004288,42888,9001,8781173
883360690899218434,21218,3367,8781173
883117836046086144,34726,6050,8781173
882992080364220416,22348,3547,8781173
882762694511734784,26458,4451,8781173
882627270321602560,26208,5534,8781173
882268110199369728,41952,10551,8781173
882045870035918850,27438,4455,8781173
881906580714921986,22782,3095,8781173
881666595344535552,47401,9727,8781173
881633300179243008,117,7,8781173
881536004380872706,46294,14546,8781173
881268444196462592,21752,4805,8781173
880935762899988482,16006,2542,8781173
880872448815771648,19929,3490,8781173
880465832366813184,26669,5669,8781173
880221127280381952,25240,3800,8781173
880095782870896641,25843,3955,8781173
879862464715927552,20963,3188,8781173
879674319642796034,296,10,8781173
879492040517615616,21995,2907,8781173
879415818425184262,99032,40537,8781173
879376492567855104,15738,2854,8781173
879130579576475649,0,6202,8781173
879050749262655488,21103,4283,8781173
879008229531029506,17808,2444,8781173
878776093423087618,18143,3731,8781173
878604707211726852,28236,6478,8781173
878404777348136964,0,1179,8781173
878316110768087041,0,6083,8781173
878281511006478336,7252,1179,8781173
878057613040115712,39458,6202,8781173
877736472329191424,74346,17306,8781173
877611172832227328,0,73,8781173
877556246731214848,21275,3481,8781173
877316821321428993,25701,4760,8781173
877201837425926144,25424,5100,8781173
876838120628539392,19414,3045,8781173
876537666061221889,22187,4286,8781173
876484053909872640,17615,2167,8781173
876120275196170240,26245,4275,8781173
875747767867523072,23616,3908,8781173
875144289856114688,20573,4493,8781173
875097192612077568,25767,5560,8781173
875021211251597312,23953,4327,8781173
874680097055178752,26117,4241,8781173
874434818259525634,0,13325,8781173
874296783580663808,24461,3767,8781173
874057562936811520,21353,3651,8781173
874012996292530176,32234,9397,8781173
873580283840344065,22783,3613,8781173
873337748698140672,0,1464,8781173
873213775632977920,6737,1464,8781173
872967104147763200,25658,4984,8781173
872820683541237760,13882,3421,8781173
872620804844003328,19513,3352,8781173
872486979161796608,38397,8319,8781173
872122724285648897,32329,7457,8781173
871879754684805121,35446,10122,8781173
871762521631449091,19071,3222,8781173
871515927908634625,19033,3208,8781173
871166179821445120,0,5279,8781173
871102520638267392,19743,5098,8781173
871032628920680449,21460,3535,8781173
870804317367881728,31773,5712,8781173
870726314365509632,114,3,8781173
870656317836468226,11668,2444,8781173
870374049280663552,78417,24508,8781173
870308999962521604,20716,3842,8781173
870063196459192321,34534,7696,8781173
869772420881756160,40260,9374,8781173
869702957897576449,26721,5851,8781173
869596645499047938,15102,2900,8781173
869227993411051520,19348,3509,8781173
868880397819494401,61974,13411,8781173
868639477480148993,0,1932,8781173
868622495443632128,25284,4927,8781173
868552278524837888,9551,1932,8781173
867900495410671616,22974,3893,8781173
867774946302451713,32229,6850,8781173
867421006826221569,15256,2320,8781173
867072653475098625,0,112,8781173
867051520902168576,30601,7348,8781173
866720684873056260,19028,4479,8781173
866686824827068416,18335,3263,8781173
866450705531457537,116192,32891,8781173
866334964761202691,49846,13325,8781173
866094527597207552,0,7835,8781173
865718153858494464,24411,5262,8781173
865359393868664832,25193,4691,8781173
865006731092295680,26688,7209,8781173
864873206498414592,30744,8137,8781173
864279568663928832,13881,2836,8781173
864197398364647424,28584,8310,8781173
863907417377173506,19647,3883,8781173
863553081350529029,14575,3932,8781173
863471782782697472,0,2284,8781173
863432100342583297,22689,4935,8781173
863427515083354112,2102,89,8781173
863079547188785154,8374,1044,8781173
863062471531167744,8073,2284,8781173
862831371563274240,18339,4847,8781173
862722525377298433,16345,3333,8781173
862457590147678208,19542,4645,8781173
862096992088072192,70987,21806,8781173
861383897657036800,34503,10099,8781173
861288531465048066,16432,3907,8781173
861005113778896900,15973,3605,8781173
860981674716409858,0,2028,8781173
860924035999428608,0,754,8781173
860563773140209665,7176,2028,8781173
860524505164394496,22650,5025,8781173
860276583193509888,17619,3318,8781173
860184849394610176,16006,5533,8781173
860177593139703809,0,29295,8781173
859924526012018688,18795,3888,8781173
859851578198683649,14801,3329,8781173
859607811541651456,17876,1486,8781173
859196978902773760,86332,28600,8781173
859074603037188101,32498,12946,8781173
858860390427611136,0,7704,8781173
858843525470990336,14992,3313,8781173
858471635011153920,20699,4622,8781173
858107933456039936,15163,2766,8781173
857989990357356544,15502,2478,8781173
857746408056729600,33017,10129,8781173
857393404942143489,5675,1571,8781173
857263160327368704,19350,4316,8781173
857214891891077121,216,17,8781173
857062103051644929,0,162,8781173
857029823797047296,18191,3807,8781173
856543823941562368,15781,2764,8781173
856526610513747968,11475,1799,8781173
856330835276025856,0,644,8781173
856288084350160898,496,15,8781173
856282028240666624,26862,6035,8781173
855862651834028034,325,25,8781173
855860136149123072,4766,937,8781173
855857698524602368,11504,2027,8781173
855851453814013952,44334,17316,8781173
855818117272018944,25857,5218,8781173
855459453768019968,28933,7910,8781173
855245323840757760,0,5739,8781173
855138241867124737,0,43,8781173
854732716440526848,22120,5850,8781173
854482394044301312,28488,6633,8781173
854365224396361728,18382,4532,8781173
854120357044912130,31164,7213,8781173
854010172552949760,15810,3052,8781173
853760880890318849,27849,5557,8781173
853639147608842240,33821,9725,8781173
853299958564483072,15119,3454,8781173
852936405516943360,0,1935,8781173
852912242202992640,8820,1760,8781173
852672615818899456,14560,2100,8781173
852553447878664193,15930,3379,8781173
852311364735569921,32438,9674,8781173
852226086759018497,19564,6664,8781173
852189679701164033,11224,1551,8781173
851861385021730816,0,19,8781173
851591660324737024,15932,3393,8781173
851464819735769094,23793,6886,8781173
851224888060895234,20292,5598,8781173
850753642995093505,30235,8914,8781173
850380195714523136,12868,2552,8781173
850333567704068097,3395,321,8781173
850145622816686080,16045,3710,8781173
850019790995546112,20053,4772,8781173
849776966551130114,29931,7435,8781173
849668094696017920,0,4857,8781173
849412302885593088,15614,3096,8781173
849336543269576704,11239,1862,8781173
849051919805034497,41691,8311,8781173
848690551926992896,24812,4239,8781173
848324959059550208,24348,4538,8781173
848213670039564288,8064,717,8781173
848212111729840128,16079,2983,8781173
847978865427394560,0,3204,8781173
847971574464610304,0,425,8781173
847962785489326080,23192,4990,8781173
847842811428974592,5361,1307,8781173
847617282490613760,6898,407,8781173
847606175596138505,18539,3375,8781173
847251039262605312,20252,4250,8781173
847157206088847362,19647,5762,8781173
847116187444137987,21212,3130,8781173
846874817362120707,19852,3875,8781173
846514051647705089,44094,11382,8781173
846505985330044928,13948,3028,8781173
846153765933735936,31238,8908,8781173
846139713627017216,30708,9883,8781173
846042936437604353,15811,2831,8781173
845812042753855489,28922,8578,8781173
845677943972139009,24939,4732,8781173
845397057150107648,7557,1778,8781173
845306882940190720,23113,5325,8781173
845098359547420673,0,7550,8781173
844979544864018432,13505,2521,8781173
844973813909606400,14944,3149,8781173
844580511645339650,16339,3090,8781173
844223788422217728,13539,2176,8781173
843981021012017153,15071,2917,8781173
843856843873095681,21288,4572,8781173
843604394117681152,16751,2718,8781173
843235543001513987,21359,5970,8781173
842846295480000512,15179,3605,8781173
842765311967449089,6690,1268,8781173
842535590457499648,17999,3475,8781173
842163532590374912,24281,5739,8781173
842115215311396866,13897,3009,8781173
841833993020538882,0,14948,8781173
841680585030541313,25577,7755,8781173
841439858740625411,12575,3663,8781173
841320156043304961,19703,5465,8781173
841314665196081154,15773,4623,8781173
841077006473256960,22756,5279,8781173
840761248237133825,0,1757,8781173
840728873075638272,0,16031,8781173
840698636975636481,174,2,8781173
840696689258311684,12237,966,8781173
840632337062862849,8966,1757,8781173
840370681858686976,16392,4514,8781173
840268004936019968,19187,5686,8781173
839990271299457024,13373,2265,8781173
839549326359670784,27378,7704,8781173
839290600511926273,0,143,8781173
839239871831150596,27038,6502,8781173
838952994649550848,19599,3985,8781173
838921590096166913,11124,2054,8781173
838916489579200512,0,35,8781173
838831947270979586,0,10962,8781173
838561493054533637,10922,1332,8781173
838476387338051585,22452,4759,8781173
838201503651401729,0,10028,8781173
838150277551247360,1671,332,8781173
838085839343206401,138,1,8781173
838083903487373313,17597,3131,8781173
837820167694528512,34066,7835,8781173
837482249356513284,3848,442,8781173
837471256429613056,12787,2268,8781173
837110210464448512,16046,2360,8781173
836989968035819520,12760,2292,8781173
836753516572119041,19318,4630,8781173
836677758902222849,12604,2224,8781173
836648853927522308,0,555,8781173
836397794269200385,0,27472,8781173
836380477523124226,14759,2991,8781173
836260088725786625,21315,4305,8781173
836001077879255040,19091,4260,8781173
835685285446955009,0,8129,8781173
835574547218894849,17796,3623,8781173
835536468978302976,0,1697,8781173
835309094223372289,0,20943,8781173
835297930240217089,16485,3015,8781173
835264098648616962,7747,1697,8781173
835246439529840640,2099,73,8781173
835172783151792128,26195,5771,8781173
835152434251116546,22419,3018,8781173
834931633769889797,10812,1648,8781173
834786237630337024,21384,5503,8781173
834574053763584002,13674,2540,8781173
834477809192075265,0,10659,8781173
834458053273591808,9627,1687,8781173
834209720923721728,20622,4762,8781173
834167344700198914,15854,3667,8781173
834089966724603904,10075,2141,8781173
834086379323871233,13100,2215,8781173
833863086058651648,13462,2416,8781173
833826103416520705,18095,3786,8781173
833732339549220864,0,221,8781173
833722901757046785,20856,3226,8781173
833479644947025920,14881,2061,8781173
833124694597443584,20247,4857,8781173
832998151111966721,13282,2209,8781173
832769181346996225,0,39,8781173
832757312314028032,16911,3637,8781173
832682457690300417,11915,2924,8781173
832645525019123713,2938,532,8781173
832636094638288896,15898,2797,8781173
832397543355072512,12005,2228,8781173
832369877331693569,17235,3204,8781173
832273440279240704,11389,2345,8781173
832215909146226688,0,6230,8781173
832215726631055365,0,9364,8781173
832088576586297345,62,2,8781173
832040443403784192,0,9669,8781173
832032802820481025,17937,4677,8781173
831939777352105988,24082,6157,8781173
831926988323639298,337,34,8781173
831911600680497154,27712,6535,8781173
831670449226514432,10492,1832,8781173
831650051525054464,7170,1935,8781173
831552930092285952,9015,2324,8781173
831322785565769729,9307,1563,8781173
831315979191906304,6567,1133,8781173
831309418084069378,11803,2479,8781173
831262627380748289,11951,2062,8781173
830956169170665475,8006,1507,8781173
830583320585068544,67144,16865,8781173
830173239259324417,0,5714,8781173
830097400375152640,9850,2965,8781173
829878982036299777,0,5046,8781173
829861396166877184,12300,1960,8781173
829501995190984704,31908,10659,8781173
829449946868879360,10513,2037,8781173
829141528400556032,24522,7391,8781173
829011960981237760,53388,16395,8781173
828801551087042563,0,3441,8781173
828770345708580865,25704,5908,8781173
828708714936930305,36695,11248,8781173
828650029636317184,9554,1359,8781173
828409743546925057,6374,1173,8781173
828408677031882754,7718,1302,8781173
828381636999917570,12648,2228,8781173
828376505180889089,7424,1080,8781173
828372645993398273,12626,2962,8781173
828361771580813312,2208,173,8781173
828046555563323392,11808,2889,8781173
828011680017821696,10413,2166,8781173
827933404142436356,20232,5290,8781173
827653905312006145,15595,3036,8781173
827600520311402496,7500,952,8781173
827324948884643840,15949,3077,8781173
827199976799354881,10644,2237,8781173
826958653328592898,21708,5046,8781173
826848821049180160,36600,10254,8781173
826615380357632002,0,4019,8781173
826598799820865537,5151,254,8781173
826598365270007810,10116,2364,8781173
826476773533745153,18523,4226,8781173
826240494070030336,13391,2631,8781173
826204788643753985,4913,933,8781173
826115272272650244,15770,3166,8781173
825876512159186944,10559,1890,8781173
825829644528148480,12826,2516,8781173
825535076884762624,57244,17691,8781173
825147591692263424,18455,4591,8781173
825120256414846976,0,1275,8781173
825026590719483904,6360,1275,8781173
824796380199809024,0,5547,8781173
824775126675836928,15033,3558,8781173
824663926340194305,10604,1790,8781173
824325613288833024,11922,10618,8781173
824297048279236611,15187,3909,8781173
824025158776213504,4871,604,8781173
823939628516474880,10715,2735,8781173
823719002937630720,0,11317,8781173
823699002998870016,14109,2550,8781173
823581115634085888,13152,2651,8781173
823333489516937216,706,25,8781173
823322678127919110,15874,4078,8781173
823269594223824897,0,9998,8781173
822975315408461824,17457,3490,8781173
822872901745569793,132775,43737,8781173
822859134160621569,13395,2310,8781173
822647212903690241,0,6486,8781173
822610361945911296,14957,2996,8781173
822489057087389700,18345,6486,8781173
822462944365645825,28316,14487,8781173
822244816520155136,35286,9998,8781173
822163064745328640,0,4834,8781173
821886076407029760,11433,2347,8781173
821813639212650496,0,3394,8781173
821765923262631936,8505,1678,8781173
821522889702862852,8110,1788,8781173
821421320206483457,0,5663,8781173
821407182352777218,11900,4390,8781173
821153421864615936,259,10,8781173
821149554670182400,8742,2019,8781173
821107785811234820,9703,2165,8781173
821044531881721856,12796,2314,8781173
820837357901512704,0,6823,8781173
820749716845686786,31897,10028,8781173
820690176645140481,12339,3279,8781173
820494788566847489,0,570,8781173
820446719150292993,0,2602,8781173
820314633777061888,3383,570,8781173
820078625395449857,20033,6378,8781173
820013781606658049,0,1191,8781173
819952236453363712,5390,1191,8781173
819924195358416896,13039,4937,8781173
819711362133872643,13531,3162,8781173
819588359383371776,9750,2016,8781173
819347104292290561,7299,1227,8781173
819238181065359361,2299,412,8781173
819227688460238848,23342,6823,8781173
819015337530290176,0,37341,8781173
819015331746349057,0,19214,8781173
819006400881917954,45808,19214,8781173
819004803107983360,87915,37341,8781173
818646164899774465,0,21306,8781173
818627210458333184,22675,7649,8781173
818614493328580609,9972,2608,8781173
818588835076603904,0,6246,8781173
818536468981415936,11042,2499,8781173
818307523543449600,0,8217,8781173
818259473185828864,11167,2302,8781173
818145370475810820,12439,2613,8781173
817908911860748288,4921,818,8781173
817827839487737858,52333,27472,8781173
817777686764523521,10884,2734,8781173
817536400337801217,11925,3015,8781173
817502432452313088,0,3443,8781173
817423860136083457,34297,14948,8781173
817415592588222464,5679,968,8781173
817181837579653120,0,8593,8781173
817171292965273600,8890,2057,8781173
817120970343411712,12381,2644,8781173
817056546584727552,8712,1672,8781173
816829038950027264,0,4782,8781173
816816676327063552,10148,2076,8781173
816697700272001025,9935,2231,8781173
816450570814898180,30847,8217,8781173
816336735214911488,8723,1977,8781173
816091915477250048,9059,2180,8781173
816062466425819140,0,1040,8781173
816014286006976512,0,5367,8781173
815990720817401858,5023,1040,8781173
815966073409433600,22733,8593,8781173
815745968457060357,0,4208,8781173
815736392542261248,9990,2304,8781173
815639385530101762,8343,1678,8781173
815390420867969024,10519,3868,8781173
814986499976527872,7762,1299,8781173
814638523311648768,11438,2745,8781173
814578408554463233,0,5944,8781173
814530161257443328,8780,1901,8781173
814153002265309185,29169,8832,8781173
813944609378369540,0,3240,8781173
813910438903693312,9429,1898,8781173
813812741911748608,36983,14217,8781173
813800681631023104,8441,1798,8781173
813217897535406080,18921,7433,8781173
813202720496779264,9381,1843,8781173
813187593374461952,20184,4447,8781173
813172488309972993,9424,1961,8781173
813157409116065792,7886,2255,8781173
813142292504645637,8598,2429,8781173
813130366689148928,4544,456,8781173
813127251579564032,12028,3190,8781173
813112105746448384,10452,2795,8781173
813096984823349248,10736,3687,8781173
813081950185472002,10040,2826,8781173
813066809284972545,8077,1993,8781173
813051746834595840,21315,7506,8781173
812781120811126785,7696,1943,8781173
812709060537683968,6727,1461,8781173
812503143955202048,6179,1243,8781173
812466873996607488,8095,1971,8781173
812372279581671427,13870,3731,8781173
811985624773361665,7380,1430,8781173
811744202451197953,7664,1632,8781173
811647686436880384,5702,758,8781173
811627233043480576,12971,3146,8781173
811386762094317568,21264,6507,8781173
810984652412424192,5435,1465,8781173
810896069567610880,9160,1807,8781173
810657578271330305,11155,2702,8781173
810284430598270976,35867,11526,8781173
810254108431155201,14953,3441,8781173
809920764300447744,15788,4019,8781173
809808892968534016,0,4995,8781173
809448704142938112,7052,1498,8781173
809220051211603969,20264,5714,8781173
809084759137812480,13459,3599,8781173
808838249661788160,10286,3108,8781173
808733504066486276,8037,2207,8781173
808501579447930884,11503,2660,8781173
808344865868283904,43303,21306,8781173
808134635716833280,0,6060,8781173
808106460588765185,8932,2250,8781173
808001312164028416,12748,3604,8781173
807621403335917568,14836,3694,8781173
807106840509214720,120345,56607,8781173
807059379405148160,0,7498,8781173
807010152071229440,13300,3946,8781173
806629075125202948,76052,35396,8781173
806620845233815552,0,5646,8781173
806576416489959424,4978,1987,8781173
806542213899489280,10408,2403,8781173
806242860592926720,0,11881,8781173
806219024703037440,6535,1217,8781173
805958939288408065,0,5483,8781173
805932879469572096,8418,1959,8781173
805826884734976000,6687,1866,8781173
805823200554876929,0,8203,8781173
805520635690676224,5847,1687,8781173
805487436403003392,8946,2569,8781173
805207613751304193,7976,1755,8781173
804738756058218496,13940,3899,8781173
804475857670639616,6250,2058,8781173
804413760345620481,0,3304,8781173
804026241225523202,45281,16512,8781173
803773340896923648,10234,2804,8781173
803692223237865472,0,7579,8781173
803638050916102144,11138,4226,8781173
803380650405482500,7912,1901,8781173
803321560782307329,0,5442,8781173
803276597545603072,10203,2510,8781173
802952499103731712,9162,2054,8781173
802624713319034886,0,2975,8781173
802600418706604034,7229,1502,8781173
802572683846291456,9091,2568,8781173
802323869084381190,16507,5958,8781173
802265048156610565,6888,1406,8781173
802239329049477120,9238,2682,8781173
802185808107208704,0,278,8781173
801958328846974976,7887,1750,8781173
801854953262350336,1809,243,8781173
801538201127157760,8371,2114,8781173
801285448605831168,6166,841,8781173
801167903437357056,24935,6060,8781173
801127390143516673,0,4034,8781173
801115127852503040,8222,2148,8781173
800859414831898624,696,98,8781173
800855607700029440,0,1641,8781173
800751577355128832,10753,2861,8781173
800513324630806528,13372,3051,8781173
800459316964663297,9674,2222,8781173
800443802682937345,0,4418,8781173
800388270626521089,11346,2872,8781173
800188575492947969,0,4026,8781173
800141422401830912,15547,2602,8781173
800018252395122689,28875,13460,8781173
799774291445383169,0,4800,8781173
799757965289017345,8542,2213,8781173
799422933579902976,8204,1968,8781173
799308762079035393,0,5593,8781173
799297110730567681,10068,2823,8781173
799063482566066176,8209,2517,8781173
798933969379225600,13328,4567,8781173
798925684722855936,7635,1473,8781173
798705661114773508,0,6792,8781173
798701998996647937,0,7957,8781173
798697898615730177,0,6650,8781173
798694562394996736,0,5070,8781173
798686750113755136,0,2384,8781173
798682547630837760,0,4815,8781173
798673117451325440,0,5668,8781173
798665375516884993,0,3998,8781173
798644042770751489,0,1892,8781173
798628517273620480,0,2019,8781173
798585098161549313,0,5843,8781173
798576900688019456,0,5977,8781173
798340744599797760,0,3421,8781173
798209839306514432,10612,2613,8781173
797971864723324932,11822,3177,8781173
797545162159308800,14817,4979,8781173
797236660651966464,20315,6731,8781173
797165961484890113,226,26,8781173
796904159865868288,0,9120,8781173
796865951799083009,7822,1957,8781173
796759840936919040,12057,3104,8781173
796563435802726400,0,7430,8781173
796484825502875648,7715,1799,8781173
796387464403357696,11202,4241,8781173
796177847564038144,0,14593,8781173
796149749086875649,32834,14593,8781173
796125600683540480,5049,1850,8781173
796116448414461957,9265,2472,8781173
796080075804475393,8611,2363,8781173
796031486298386433,11001,3795,8781173
795464331001561088,50520,24167,8781173
795400264262053889,10240,2941,8781173
795076730285391872,16486,5547,8781173
794983741416415232,0,3448,8781173
794926597468000259,10436,2361,8781173
794355576146903043,0,10539,8781173
794332329137291264,9743,2738,8781173
794205286408003585,9388,3390,8781173
793962221541933056,17129,4995,8781173
793845145112371200,9398,1910,8781173
793614319594401792,0,3207,8781173
793601777308463104,8128,1666,8781173
793500921481273345,10863,2427,8781173
793286476301799424,25029,9364,8781173
793271401113350145,8859,2443,8781173
793256262322548741,20328,8526,8781173
793241302385262592,10711,3367,8781173
793226087023144960,10020,2932,8781173
793210959003287553,9093,2859,8781173
793195938047070209,15566,5752,8781173
793180763617361921,7068,2047,8781173
793165685325201412,9572,2851,8781173
793150605191548928,6287,1740,8781173
793135492858580992,6550,2549,8781173
793120401413079041,12899,4004,8781173
792913359805018113,14590,4063,8781173
792883833364439040,11511,4362,8781173
792773781206999040,7489,1714,8781173
792394556390137856,13698,4389,8781173
792050063153438720,7277,1843,8781173
791821351946420224,0,21535,8781173
791784077045166082,0,9803,8781173
791780927877898241,0,3904,8781173
791774931465953280,45943,22677,8781173
791672322847637504,11960,3207,8781173
791406955684368384,13364,4208,8781173
791312159183634433,8948,2593,8781173
791026214425268224,0,4191,8781173
790987426131050500,10004,2180,8781173
790946055508652032,16939,4782,8781173
790723298204217344,0,2361,8781173
790698755171364864,8367,1969,8781173
790581949425475584,21011,7317,8781173
790337589677002753,7966,1920,8781173
790277117346975746,12787,3240,8781173
790227638568808452,0,3644,8781173
789986466051088384,9422,2361,8781173
789960241177853952,0,4206,8781173
789903600034189313,10534,4220,8781173
789628658055020548,7625,1805,8781173
789599242079838210,6880,1966,8781173
789530877013393408,11938,3448,8781173
789314372632018944,8797,2337,8781173
789280767834746880,0,5044,8781173
789268448748703744,9264,2658,8781173
789137962068021249,9889,2859,8781173
788908386943430656,27909,12725,8781173
788765914992902144,27837,10539,8781173
788552643979468800,0,7326,8781173
788412144018661376,15805,5378,8781173
788178268662984705,7349,2139,8781173
788150585577050112,6228,1312,8781173
788070120937619456,0,3498,8781173
788039637453406209,6235,1349,8781173
787810552592695296,8788,3107,8781173
787717603741622272,10428,2837,8781173
787397959788929025,11077,2897,8781173
787322443945877504,7912,1776,8781173
787111942498508800,0,6879,8781173
786963064373534720,27055,8129,8781173
786729988674449408,0,2470,8781173
786709082849828864,18543,6230,8781173
786664955043049472,10775,2609,8781173
786595970293370880,9588,3178,8781173
786363235746385920,11069,3575,8781173
786286427768250368,8099,2901,8781173
786233965241827333,15513,4834,8781173
786051337297522688,1448,158,8781173
786036967502913536,0,7151,8781173
785927819176054784,11580,3242,8781173
785872687017132033,6799,1849,8781173
785639753186217984,7965,2277,8781173
785533386513321988,9257,2033,8781173
785515384317313025,6207,1281,8781173
785264754247995392,7361,1672,8781173
785170936622350336,12209,4923,8781173
784826020293709826,10272,3304,8781173
784517518371221505,9106,2585,8781173
784431430411685888,5781,1291,8781173
784183165795655680,20395,8203,8781173
784057939640352768,30214,11317,8781173
783839966405230592,30489,10962,8781173
783821107061198850,7462,2004,8781173
783695101801398276,10615,3274,8781173
783466772167098368,8581,2286,8781173
783391753726550016,17132,5575,8781173
783347506784731136,0,5646,8781173
783334639985389568,29553,11881,8781173
783085703974514689,8274,2236,8781173
782969140009107456,24463,7498,8781173
782747134529531904,7579,1435,8781173
782722598790725632,17521,5483,8781173
782598640137187329,7912,1906,8781173
782305867769217024,16881,5663,8781173
782021823840026624,0,6309,8781173
781955203444699136,11277,3428,8781173
781661882474196992,10580,2762,8781173
781655249211752448,4039,1143,8781173
781524693396357120,21022,5646,8781173
781308096455073793,7236,2588,8781173
781251288990355457,8551,2110,8781173
781163403222056960,9946,2780,8781173
780931614150983680,21924,7430,8781173
780858289093574656,7287,2043,8781173
780800785462489090,5567,1324,8781173
780601303617732608,12272,3394,8781173
780543529827336192,6392,1767,8781173
780496263422808064,0,3755,8781173
780476555013349377,0,115,8781173
780459368902959104,5363,1092,8781173
780192070812196864,8820,2278,8781173
780092040432480260,0,2334,8781173
780074436359819264,12330,5053,8781173
779834332596887552,19153,7151,8781173
779377524342161408,8907,3154,8781173
779124354206535695,0,18584,8781173
779056095788752897,14946,4597,8781173
778990705243029504,20230,7308,8781173
778774459159379968,0,10032,8781173
778764940568104960,876,366,8781173
778748913645780993,6972,1333,8781173
778650543019483137,5842,1527,8781173
778624900596654080,4695,1021,8781173
778408200802557953,13783,4391,8781173
778396591732486144,0,12411,8781173
778383385161035776,5907,1119,8781173
778286810187399168,10508,3343,8781173
778039087836069888,8602,2684,8781173
778027034220126208,6625,1639,8781173
777953400541634568,0,3572,8781173
777885040357281792,6418,1647,8781173
777684233540206592,11358,2975,8781173
777641927919427584,0,4290,8781173
777621514455814149,8847,2529,8781173
777189768882946048,14427,4357,8781173
776819012571455488,0,13873,8781173
776813020089548800,4940,1225,8781173
776477788987613185,8917,2818,8781173
776249906839351296,0,9256,8781173
776218204058357768,30227,16058,8781173
776201521193218049,9722,2542,8781173
776113305656188928,11888,4418,8781173
776088319444877312,1858,153,8781173
775898661951791106,0,16729,8781173
775842724423557120,11842,2690,8781173
775733305207554048,14010,4034,8781173
775729183532220416,13131,4649,8781173
775364825476165632,7472,3005,8781173
775350846108426240,10281,3952,8781173
775085132600442880,15708,4800,8781173
774757898236878852,8693,1807,8781173
774639387460112384,6799,1754,8781173
774314403806253056,21991,5593,8781173
773985732834758656,10820,3918,8781173
773922284943896577,6456,1765,8781173
773704687002451968,6667,1648,8781173
773670353721753600,5397,1327,8781173
773547596996571136,22332,6246,8781173
773336787167145985,0,5143,8781173
773308824254029826,23522,7550,8781173
773247561583001600,9548,3287,8781173
773191612633579521,10087,4191,8781173
772877495989305348,8643,3922,8781173
772826264096874500,8138,2371,8781173
772615324260794368,0,3420,8781173
772581559778025472,6565,1713,8781173
772193107915964416,6103,1409,8781173
772152991789019136,3836,1144,8781173
772117678702071809,3806,750,8781173
772114945936949249,2747,472,8781173
772102971039580160,4031,951,8781173
771908950375665664,6646,1929,8781173
771770456517009408,12119,3421,8781173
771500966810099713,8333,2634,8781173
771380798096281600,10568,5143,8781173
771171053431250945,0,7551,8781173
771136648247640064,9225,2964,8781173
771102124360998913,6289,1456,8781173
771014301343748096,6938,1673,8781173
770787852854652928,4965,1213,8781173
770772759874076672,5216,1430,8781173
770655142660169732,7403,1784,8781173
770414278348247044,6380,2121,8781173
770293558247038976,6295,1499,8781173
770093767776997377,0,3088,8781173
770069151037685760,7660,2318,8781173
769940425801170949,31624,9669,8781173
769695466921623552,6463,1696,8781173
769335591808995329,0,7806,8781173
769212283578875904,5438,1741,8781173
768970937022709760,14461,6579,8781173
768909767477751808,0,2703,8781173
768855141948723200,4235,897,8781173
768609597686943744,4162,1217,8781173
768596291618299904,5076,1293,8781173
768554158521745409,0,5901,8781173
768473857036525572,13721,3471,8781173
768193404517830656,10953,3572,8781173
767884188863397888,4781,1395,8781173
767754930266464257,16125,5442,8781173
767500508068192258,7550,2365,8781173
767191397493538821,12391,3796,8781173
767122157629476866,10241,2885,8781173
766864461642756096,0,5685,8781173
766793450729734144,5100,1365,8781173
766714921925144576,2629,381,8781173
766693177336135680,4043,803,8781173
766423258543644672,6036,1607,8781173
766313316352462849,6838,1908,8781173
766078092750233600,0,2653,8781173
766069199026450432,4255,858,8781173
766008592277377025,3769,503,8781173
765719909049503744,7275,2168,8781173
765669560888528897,5224,1235,8781173
765395769549590528,26757,3408,8781173
765371061932261376,7109,2189,8781173
765222098633691136,11707,3420,8781173
764857477905154048,6491,1790,8781173
764259802650378240,6055,1512,8781173
763956972077010945,762,55,8781173
763837565564780549,12658,4191,8781173
763183847194451968,5415,1482,8781173
763167063695355904,0,3045,8781173
763103485927849985,7392,2311,8781173
762699858130116608,12213,3644,8781173
762471784394268675,11269,6460,8781173
762464539388485633,10349,4206,8781173
762316489655476224,4824,1131,8781173
762035686371364864,32038,15647,8781173
761976711479193600,5424,2025,8781173
761750502866649088,0,3946,8781173
761745352076779520,4293,869,8781173
761672994376806400,49769,29295,8781173
761599872357261312,4144,1194,8781173
761371037149827077,0,18176,8781173
761334018830917632,5216,1463,8781173
761292947749015552,4505,1091,8781173
761227390836215808,5346,1574,8781173
761004547850530816,11381,3498,8781173
760893934457552897,3829,985,8781173
760656994973933572,6608,1925,8781173
760641137271070720,4998,1309,8781173
760539183865880579,7594,3649,8781173
760521673607086080,4235,1393,8781173
760290219849637889,26928,11560,8781173
760252756032651264,3958,871,8781173
760190180481531904,5720,1818,8781173
760153949710192640,0,31,8781173
759943073749200896,5975,2090,8781173
759923798737051648,14733,5685,8781173
759846353224826880,6757,1986,8781173
759793422261743616,5981,1926,8781173
759557299618865152,4719,1194,8781173
759447681597108224,8519,2470,8781173
759446261539934208,1679,492,8781173
759197388317847553,6094,1954,8781173
759159934323924993,0,1162,8781173
759099523532779520,14576,4190,8781173
759047813560868866,6512,2032,8781173
758854675097526272,3559,902,8781173
758828659922702336,11246,3854,8781173
758740312047005698,5757,1618,8781173
758474966123810816,3822,1007,8781173
758467244762497024,4806,2227,8781173
758405701903519748,5224,1920,8781173
758355060040593408,3405,1080,8781173
758099635764359168,19135,10032,8781173
758041019896193024,2710,377,8781173
757741869644341248,6892,3266,8781173
757729163776290825,0,7972,8781173
757725642876129280,4555,1218,8781173
757611664640446465,4579,1114,8781173
757597904299253760,0,301,8781173
757596066325864448,4348,1064,8781173
757400162377592832,15189,6888,8781173
757393109802180609,5834,1745,8781173
757354760399941633,4532,1431,8781173
756998049151549440,6302,1993,8781173
756939218950160384,6662,2018,8781173
756651752796094464,5069,1309,8781173
756526248105566208,10440,3604,8781173
756303284449767430,3945,1099,8781173
756288534030475264,44100,17781,8781173
756275833623502848,6435,1537,8781173
755955933503782912,7342,2894,8781173
755206590534418437,16477,5389,8781173
755110668769038337,21249,11131,8781173
754874841593970688,0,7941,8781173
754856583969079297,6913,2534,8781173
754747087846248448,2594,524,8781173
754482103782404096,5307,1962,8781173
754449512966619136,3766,735,8781173
754120377874386944,7902,2361,8781173
753655901052166144,5850,2175,8781173
753420520834629632,7924,3580,8781173
753398408988139520,5766,1911,8781173
753375668877008896,7662,2334,8781173
753298634498793472,0,5716,8781173
753294487569522689,3374,1046,8781173
753039830821511168,37195,20943,8781173
753026973505581056,3928,972,8781173
752932432744185856,12658,6879,8781173
752917284578922496,6942,1585,8781173
752701944171524096,0,2881,8781173
752682090207055872,6014,1598,8781173
752660715232722944,4381,1561,8781173
752568224206688256,5514,2290,8781173
752519690950500352,7374,3446,8781173
752334515931054080,3824,1098,8781173
752309394570878976,0,16273,8781173
752173152931807232,5973,1843,8781173
751950017322246144,3058,920,8781173
751937170840121344,5197,1337,8781173
751830394383790080,5818,1950,8781173
751793661361422336,5832,2904,8781173
751598357617971201,7935,3046,8781173
751583847268179968,4397,1104,8781173
751538714308972544,5043,1266,8781173
751456908746354688,3222,1004,8781173
751251247299190784,12527,5891,8781173
751205363882532864,6333,1821,8781173
751132876104687617,5080,1296,8781173
750868782890057730,4793,1366,8781173
750719632563142656,13187,5044,8781173
750506206503038976,4442,1144,8781173
750429297815552001,13174,4290,8781173
750383411068534784,4569,1155,8781173
750381685133418496,693,27,8781173
750147208377409536,3107,962,8781173
750132105863102464,3614,1295,8781173
750117059602808832,4335,1317,8781173
750101899009982464,3042,846,8781173
750086836815486976,2171,534,8781173
750071704093859840,7840,3342,8781173
750056684286914561,3163,896,8781173
750041628174217216,3181,620,8781173
750026558547456000,2725,792,8781173
750011400160841729,3246,908,8781173
749996283729883136,3070,819,8781173
749981277374128128,5114,2468,8781173
749774190421639168,4664,1315,8781173
749417653287129088,6118,1641,8781173
749403093750648834,2625,534,8781173
749395845976588288,8562,3436,8781173
749317047558017024,5508,2237,8781173
749075273010798592,5753,2074,8781173
749064354620928000,4804,1524,8781173
749036806121881602,3092,795,8781173
748977405889503236,10767,3398,8781173
748932637671223296,5814,2254,8781173
748705597323898880,2783,947,8781173
748699167502000129,4743,1589,8781173
748692773788876800,4240,1332,8781173
748575535303884801,6067,1970,8781173
748568946752774144,2196,668,8781173
748346686624440324,5208,1227,8781173
748337862848962560,7635,4100,8781173
748324050481647620,3675,758,8781173
748307329658011649,3669,711,8781173
748220828303695873,14125,7790,8781173
747963614829678593,5765,2142,8781173
747933425676525569,6587,2540,8781173
747885874273214464,2938,976,8781173
747844099428986880,2821,750,8781173
747816857231626240,4845,1160,8781173
747651430853525504,1383,155,8781173
747648653817413632,12863,5844,8781173
747600769478692864,2323,555,8781173
747594051852075008,3672,1057,8781173
747512671126323200,5532,1609,8781173
747461612269887489,3859,1041,8781173
747439450712596480,5413,1913,8781173
747242308580548608,0,2897,8781173
747219827526344708,5254,1567,8781173
747204161125646336,3367,921,8781173
747103485104099331,9550,3956,8781173
746906459439529985,2890,296,8781173
746872823977771008,5972,2130,8781173
746818907684614144,5308,1741,8781173
746790600704425984,4860,1600,8781173
746757706116112384,9568,3904,8781173
746726898085036033,6040,1794,8781173
746542875601690625,5030,1874,8781173
746521445350707200,0,983,8781173
746507379341139972,4637,1082,8781173
746369468511756288,6169,1624,8781173
746131877086527488,6894,2201,8781173
746056683365994496,3535,809,8781173
745789745784041472,4014,1063,8781173
745712589599014916,6982,2324,8781173
745433870967832576,7065,2531,8781173
745422732645535745,8545,2431,8781173
745314880350101504,7158,2742,8781173
745074613265149952,7808,3489,8781173
745057283344719872,7234,2256,8781173
744995568523612160,2958,617,8781173
744971049620602880,7853,2676,8781173
744709971296780288,5593,1560,8781173
744334592493166593,6759,2109,8781173
744234799360020481,155796,77651,8781173
744223424764059648,1654,365,8781173
743980027717509120,4153,1090,8781173
743895849529389061,3630,959,8781173
743835915802583040,0,2067,8781173
743609206067040256,4457,1381,8781173
743595368194129920,18317,6514,8781173
743545585370791937,3521,940,8781173
743510151680958465,7902,3718,8781173
743253157753532416,4216,1221,8781173
743222593470234624,6185,1901,8781173
743210557239623680,3821,1358,8781173
742534281772302336,7040,3559,8781173
742528092657332225,4398,1971,8781173
742465774154047488,7234,3891,8781173
742423170473463808,9777,3755,8781173
742385895052087300,6778,1962,8781173
742161199639494656,4323,1364,8781173
742150209887731712,5102,1541,8781173
741793263812808706,4519,1504,8781173
741743634094141440,8139,2742,8781173
741438259667034112,3663,828,8781173
741303864243200000,8745,3189,8781173
741099773336379392,9924,5492,8781173
741067306818797568,9466,3088,8781173
740995100998766593,6332,2727,8781173
740711788199743490,3385,933,8781173
740699697422163968,2833,781,8781173
740676976021798912,18080,6792,8781173
740373189193256964,34837,13255,8781173
740365076218183684,2446,431,8781173
740359016048689152,3283,863,8781173
740214038584557568,6655,1955,8781173
739979191639244800,19880,5901,8781173
739932936087216128,4031,1069,8781173
739844404073074688,3777,852,8781173
739623569819336705,3750,1345,8781173
739606147276148736,5354,1645,8781173
739544079319588864,39287,21137,8781173
739485634323156992,7108,2913,8781173
739238157791694849,115107,57600,8781173
738891149612572673,111,6,8781173
738885046782832640,3754,1136,8781173
738883359779196928,3282,789,8781173
738537504001953792,5056,1534,8781173
738402415918125056,3227,831,8781173
738184450748633089,4288,1203,8781173
738166403467907072,8717,3333,8781173
738156290900254721,2492,637,8781173
737826014890496000,5242,1758,8781173
737800304142471168,9919,3438,8781173
737678689543020544,5010,1311,8781173
737445876994609152,10191,4429,8781173
737322739594330112,3579,809,8781173
737310737551491075,14566,7367,8781173
736736130620620800,4228,1714,8781173
736392552031657984,17563,7326,8781173
736365877722001409,3942,1238,8781173
736225175608430592,8067,2762,8781173
736010884653420544,7840,2975,8781173
735991953473572864,3573,1144,8781173
735648611367784448,4004,1094,8781173
735635087207878657,6115,2334,8781173
735274964362878976,12931,5001,8781173
735256018284875776,3303,875,8781173
735137028879360001,3109,964,8781173
734912297295085568,2732,524,8781173
734787690684657664,12438,6238,8781173
734776360183431168,2480,539,8781173
734559631394082816,1471,392,8781173
733828123016450049,3549,777,8781173
733822306246479872,3641,1017,8781173
733482008106668032,3116,946,8781173
733460102733135873,4166,1271,8781173
733109485275860992,49830,16729,8781173
732732193018155009,2417,531,8781173
732726085725589504,3521,882,8781173
732585889486888962,3639,773,8781173
732375214819057664,8019,2496,8781173
732005617171337216,14779,5367,8781173
731285275100512256,3459,985,8781173
731156023742988288,3814,1257,8781173
730924654643314689,6091,1957,8781173
730573383004487680,4862,2114,8781173
730427201120833536,3456,1043,8781173
730211855403241472,3779,1052,8781173
730196704625098752,4799,1882,8781173
729854734790754305,3994,1116,8781173
729838605770891264,1712,380,8781173
729823566028484608,3936,1234,8781173
729463711119904772,5743,2297,8781173
729113531270991872,1861,322,8781173
728986383096946689,3116,818,8781173
728760639972315136,4639,1691,8781173
728751179681943552,2739,674,8781173
728653952833728512,3279,1026,8781173
728409960103686147,4870,1985,8781173
728387165835677696,3658,956,8781173
728046963732717569,4264,1188,8781173
728035342121635841,4521,1652,8781173
728015554473250816,4078,1099,8781173
727685679342333952,2935,636,8781173
727644517743104000,5829,1737,8781173
727524757080539137,4436,1211,8781173
727314416056803329,3307,736,8781173
727286334147182592,3017,806,8781173
727175381690781696,3870,1371,8781173
727155742655025152,3585,1320,8781173
726935089318363137,6816,2434,8781173
726887082820554753,3801,1507,8781173
726828223124897792,3525,994,8781173
726224900189511680,4381,1136,8781173
725842289046749185,7019,2653,8781173
725786712245440512,4127,1358,8781173
725729321944506368,5150,1770,8781173
725458796924002305,1397,610,8781173
724983749226668032,3694,1301,8781173
724771698126512129,2325,633,8781173
724405726123311104,5233,1633,8781173
724049859469295616,4283,1760,8781173
724046343203856385,2631,550,8781173
724004602748780546,4138,1539,8781173
723912936180330496,3852,1226,8781173
723688335806480385,7593,2912,8781173
723673163800948736,2979,880,8781173
723179728551723008,5258,1849,8781173
722974582966214656,4058,1545,8781173
722613351520608256,4916,1624,8781173
721503162398597120,4580,1832,8781173
721001180231503872,2499,606,8781173
720785406564900865,3085,760,8781173
720775346191278080,2436,658,8781173
720415127506415616,4086,1486,8781173
720389942216527872,6312,2480,8781173
720340705894408192,2836,969,8781173
720059472081784833,3828,1109,8781173
720043174954147842,4859,1985,8781173
719991154352222208,4789,1726,8781173
719704490224398336,4495,1414,8781173
719551379208073216,4999,1889,8781173
719367763014393856,2768,734,8781173
719339463458033665,4385,1220,8781173
719332531645071360,3395,940,8781173
718971898235854848,3449,1067,8781173
718939241951195136,5203,1745,8781173
718631497683582976,18675,7957,8781173
718613305783398402,2410,477,8781173
718540630683709445,2427,1007,8781173
718460005985447936,2671,521,8781173
718454725339934721,4815,1496,8781173
718246886998687744,1892,499,8781173
718234618122661888,3833,987,8781173
717841801130979328,2429,599,8781173
717790033953034240,2845,1101,8781173
717537687239008257,5726,1841,8781173
717428917016076293,1595,446,8781173
717421804990701568,3132,839,8781173
717047459982213120,6229,1915,8781173
717009362452090881,3217,954,8781173
716802964044845056,4245,1160,8781173
716791146589110272,8080,1562,8781173
716730379797970944,1220,423,8781173
716447146686459905,12939,5799,8781173
716439118184652801,2356,207,8781173
716285507865542656,2739,1047,8781173
716080869887381504,6686,1882,8781173
715928423106027520,3163,872,8781173
715758151270801409,3681,1423,8781173
715733265223708672,4614,1672,8781173
715704790270025728,2767,562,8781173
715696743237730304,3872,1278,8781173
715680795826982913,4259,1600,8781173
715360349751484417,5424,1551,8781173
715342466308784130,3011,687,8781173
715220193576927233,2401,641,8781173
715200624753819648,5088,1870,8781173
715009755312439296,4114,1217,8781173
714982300363173890,3702,1024,8781173
714962719905021952,7282,4225,8781173
714957620017307648,4087,1400,8781173
714631576617938945,3244,988,8781173
714606013974974464,3599,921,8781173
714485234495041536,2659,1118,8781173
714258258790387713,3005,714,8781173
714251586676113411,3247,827,8781173
714214115368108032,2252,864,8781173
714141408463036416,4277,1382,8781173
713919462244790272,3263,782,8781173
713909862279876608,1884,532,8781173
713900603437621249,2805,737,8781173
713761197720473600,4827,1366,8781173
713411074226274305,4404,1285,8781173
713177543487135744,7157,2809,8781173
713175907180089344,4418,1462,8781173
712809025985978368,18387,6650,8781173
712717840512598017,12236,4930,8781173
712668654853337088,4143,1204,8781173
712438159032893441,5281,1549,8781173
712309440758808576,242,25,8781173
712097430750289920,3747,1020,8781173
712092745624633345,2915,881,8781173
712085617388212225,3244,481,8781173
712065007010385924,2249,614,8781173
711998809858043904,0,125,8781173
711968124745228288,7990,2282,8781173
711743778164514816,2811,975,8781173
711732680602345472,8765,4078,8781173
711694788429553666,32585,18176,8781173
711652651650457602,3818,906,8781173
711363825979756544,3614,1129,8781173
711306686208872448,3275,732,8781173
711008018775851008,2972,607,8781173
710997087345876993,4527,1375,8781173
710844581445812225,2522,683,8781173
710833117892898816,2661,528,8781173
710658690886586372,2291,554,8781173
710609963652087808,4751,2363,8781173
710588934686908417,4496,1850,8781173
710296729921429505,2356,731,8781173
710283270106132480,2130,517,8781173
710272297844797440,4497,1239,8781173
710269109699739648,2376,1114,8781173
710153181850935296,2883,879,8781173
710140971284037632,2733,873,8781173
710117014656950272,5442,1976,8781173
709918798883774466,3451,1076,8781173
709901256215666688,663,99,8781173
709852847387627521,3492,1191,8781173
709566166965075968,3518,1199,8781173
709556954897764353,3265,1064,8781173
709519240576036864,1482,235,8781173
709449600415961088,2206,564,8781173
709409458133323776,2599,676,8781173
709225125749587968,2391,569,8781173
709207347839836162,12431,5755,8781173
709198395643068416,2409,638,8781173
709179584944730112,1984,664,8781173
709158332880297985,2017,411,8781173
709042156699303936,4704,1613,8781173
708853462201716736,1784,653,8781173
708845821941387268,2963,894,8781173
708834316713893888,1667,494,8781173
708810915978854401,16348,6871,8781173
708738143638450176,2724,801,8781173
708711088997666817,2517,715,8781173
708479650088034305,2524,676,8781173
708469915515297792,3071,806,8781173
708400866336894977,15843,9978,8781173
708356463048204288,3553,1307,8781173
708349470027751425,2328,732,8781173
708149363256774660,4244,1541,8781173
708130923141795840,3356,845,8781173
708119489313951744,2664,974,8781173
708109389455101952,1929,546,8781173
708026248782585858,4356,1916,8781173
707995814724026368,3101,1116,8781173
707983188426153984,50,2,8781173
707969809498152960,2678,957,8781173
707776935007539200,3252,950,8781173
707741517457260545,2465,610,8781173
707738799544082433,4048,2439,8781173
707693576495472641,3377,985,8781173
707629649552134146,2552,870,8781173
707610948723478529,16842,6309,8781173
707420581654872064,2256,694,8781173
707411934438625280,2288,595,8781173
707387676719185920,3471,1280,8781173
707377100785885184,3255,1084,8781173
707315916783140866,2456,634,8781173
707297311098011648,2754,780,8781173
707059547140169728,2578,666,8781173
707038192327901184,2168,784,8781173
707021089608753152,4054,1346,8781173
707014260413456384,2300,594,8781173
706904523814649856,14474,7806,8781173
706901761596989440,2039,590,8781173
706681918348251136,3275,966,8781173
706644897839910912,2553,1082,8781173
706593038911545345,2135,629,8781173
706538006853918722,3450,1416,8781173
706516534877929472,3091,1025,8781173
706346369204748288,3426,918,8781173
706310011488698368,21149,7864,8781173
706291001778950144,1685,474,8781173
706265994973601792,2714,928,8781173
706169069255446529,3883,2195,8781173
706166467411222528,5129,1588,8781173
706153300320784384,1474,383,8781173
705975130514706432,3087,728,8781173
705970349788291072,3151,886,8781173
705898680587526145,2349,546,8781173
705786532653883392,1921,513,8781173
705591895322394625,3142,1147,8781173
705475953783398401,2937,907,8781173
705442520700944385,4399,1616,8781173
705428427625635840,3787,1673,8781173
705239209544720384,2987,745,8781173
705223444686888960,2571,795,8781173
705102439679201280,2127,516,8781173
705066031337840642,2170,615,8781173
704871453724954624,4239,1108,8781173
704859558691414016,2240,537,8781173
704847917308362754,5034,1517,8781173
704819833553219584,2622,979,8781173
704761120771465216,6593,2897,8781173
704499785726889984,2898,1008,8781173
704491224099647488,750,78,8781173
704480331685040129,3367,1061,8781173
704364645503647744,7935,3529,8781173
704347321748819968,1571,349,8781173
704134088924532736,1496,456,8781173
704113298707505153,1837,569,8781173
704054845121142784,2904,908,8781173
703774238772166656,1832,457,8781173
703769065844768768,3260,1135,8781173
703631701117943808,2566,677,8781173
703611486317502464,3821,1519,8781173
703425003149250560,3790,1360,8781173
703407252292673536,2430,691,8781173
703382836347330562,3489,1140,8781173
703356393781329922,1909,383,8781173
703268521220972544,1963,546,8781173
703079050210877440,7350,3062,8781173
703041949650034688,26180,12411,8781173
702932127499816960,2562,727,8781173
702899151802126337,1602,451,8781173
702684942141153280,3204,1073,8781173
702671118226825216,2185,552,8781173
702598099714314240,12164,3410,8781173
702539513671897089,2868,953,8781173
702332542343577600,3160,1538,8781173
702321140488925184,3257,1034,8781173
702276748847800320,2453,762,8781173
702217446468493312,4743,1325,8781173
701981390485725185,3430,989,8781173
701952816642965504,3825,1021,8781173
701889187134500865,3522,1378,8781173
701805642395348998,3389,1667,8781173
701601587219795968,2076,448,8781173
701570477911896070,2798,921,8781173
701545186879471618,2645,605,8781173
701214700881756160,12128,5070,8781173
700890391244103680,2202,563,8781173
700864154249383937,2579,617,8781173
700847567345688576,2443,501,8781173
700796979434098688,2425,934,8781173
700747788515020802,22680,9256,8781173
700518061187723268,2595,793,8781173
700505138482569216,2272,564,8781173
700462010979500032,4105,1776,8781173
700167517596164096,2613,730,8781173
700151421916807169,2228,668,8781173
700143752053182464,7480,2703,8781173
700062718104104960,2638,687,8781173
700029284593901568,2061,583,8781173
700002074055016451,3296,1334,8781173
699801817392291840,3043,948,8781173
699788877217865730,2219,506,8781173
699779630832685056,2728,1223,8781173
699775878809702401,1952,603,8781173
699691744225525762,10211,4590,8781173
699446877801091073,5910,2599,8781173
699434518667751424,2148,513,8781173
699423671849451520,1355,324,8781173
699413908797464576,2069,622,8781173
699370870310113280,1879,441,8781173
699323444782047232,3137,857,8781173
699088579889332224,2231,630,8781173
699079609774645248,2438,651,8781173
699072405256409088,2959,1184,8781173
699060279947165696,3724,1789,8781173
699036661657767936,2586,1190,8781173
698989035503689728,3323,968,8781173
698953797952008193,2667,893,8781173
698907974262222848,2523,623,8781173
698710712454139905,2454,676,8781173
698703483621523456,1442,376,8781173
698635131305795584,1289,337,8781173
698549713696649216,2313,621,8781173
698355670425473025,1842,446,8781173
698342080612007937,2258,949,8781173
698262614669991936,4726,1989,8781173
698195409219559425,16659,5944,8781173
698178924120031232,2793,736,8781173
697995514407682048,1509,330,8781173
697990423684476929,3270,1290,8781173
697943111201378304,2367,672,8781173
697881462549430272,2995,1170,8781173
697630435728322560,1732,538,8781173
697616773278015490,3150,1007,8781173
697596423848730625,3001,1259,8781173
697575480820686848,2031,496,8781173
697516214579523584,2044,1108,8781173
697482927769255936,2401,672,8781173
697463031882764288,3402,1391,8781173
697270446429966336,4664,1864,8781173
697259378236399616,3282,999,8781173
697255105972801536,3022,1158,8781173
697242256848379904,2498,667,8781173
696900204696625153,3154,1015,8781173
696894894812565505,2335,675,8781173
696886256886657024,4829,1792,8781173
696877980375769088,2423,706,8781173
696754882863349760,1476,360,8781173
696744641916489729,2049,935,8781173
696713835009417216,2361,651,8781173
696518437233913856,3887,1701,8781173
696490539101908992,1207,141,8781173
696488710901260288,2512,1012,8781173
696405997980676096,3189,1148,8781173
696100768806522880,1922,650,8781173
695816827381944320,3002,1157,8781173
695794761660297217,3143,760,8781173
695767669421768709,1850,743,8781173
695629776980148225,4537,2080,8781173
695446424020918272,4366,1799,8781173
695409464418041856,8607,3556,8781173
695314793360662529,3608,1446,8781173
695095422348574720,2618,611,8781173
695074328191332352,2825,1090,8781173
695064344191721472,1594,588,8781173
695051054296211456,2651,785,8781173
694925794720792577,2677,914,8781173
694905863685980160,2733,936,8781173
694669722378485760,35600,14298,8781173
694356675654983680,1492,285,8781173
694352839993344000,2025,613,8781173
694342028726001664,1564,481,8781173
694329668942569472,1997,498,8781173
694206574471057408,4134,2026,8781173
694183373896572928,2939,921,8781173
694001791655137281,3390,1020,8781173
693993230313091072,1865,398,8781173
693942351086120961,1736,369,8781173
693647888581312512,2674,579,8781173
693644216740769793,1340,122,8781173
693642232151285760,2524,408,8781173
693629975228977152,2425,788,8781173
693622659251335168,1529,372,8781173
693590843962331137,5029,1945,8781173
693582294167244802,1637,249,8781173
693486665285931008,1766,634,8781173
693280720173801472,3333,1227,8781173
693267061318012928,2360,807,8781173
693262851218264065,2201,496,8781173
693231807727280129,2854,732,8781173
693155686491000832,7832,3191,8781173
693109034023534592,1702,607,8781173
693095443459342336,1848,459,8781173
692919143163629568,2663,748,8781173
692905862751522816,2412,860,8781173
692901601640583168,1754,598,8781173
692894228850999298,2255,800,8781173
692828166163931137,2857,877,8781173
692752401762250755,6778,3624,8781173
692568918515392513,4338,1524,8781173
692535307825213440,3152,1355,8781173
692530551048294401,1816,411,8781173
692423280028966913,1473,225,8781173
692417313023332352,9307,3443,8781173
692187005137076224,2522,815,8781173
692158366030913536,2138,784,8781173
692142790915014657,1640,391,8781173
692041934689402880,3383,1265,8781173
692017291282812928,2872,953,8781173
691820333922455552,3935,1652,8781173
691793053716221953,8086,4200,8781173
691756958957883396,2844,995,8781173
691675652215414786,1945,504,8781173
691483041324204033,2377,561,8781173
691459709405118465,4026,1135,8781173
691444869282295808,2638,844,8781173
691416866452082688,19201,7579,8781173
691321916024623104,2552,659,8781173
691096613310316544,2947,874,8781173
691090071332753408,1712,331,8781173
690989312272396288,5868,2848,8781173
690959652130045952,3563,1239,8781173
690938899477221376,4060,1946,8781173
690932576555528194,3266,1011,8781173
690735892932222976,3767,1263,8781173
690728923253055490,2170,513,8781173
690690673629138944,2326,812,8781173
690649993829576704,1298,278,8781173
690607260360429569,294,18,8781173
690597161306841088,1943,598,8781173
690400367696297985,1878,449,8781173
690374419777196032,3240,843,8781173
690360449368465409,2662,875,8781173
690348396616552449,1501,515,8781173
690248561355657216,1667,414,8781173
690021994562220032,2774,1026,8781173
690015576308211712,2477,727,8781173
690005060500217858,3644,1682,8781173
689999384604450816,1413,367,8781173
689993469801164801,1458,448,8781173
689977555533848577,1358,443,8781173
689905486972461056,2429,697,8781173
689877686181715968,3029,1155,8781173
689835978131935233,2164,742,8781173
689661964914655233,3205,923,8781173
689659372465688576,10328,3847,8781173
689623661272240129,2223,637,8781173
689599056876867584,11589,5489,8781173
689557536375177216,2037,454,8781173
689517482558820352,3382,1421,8781173
689289219123089408,2249,937,8781173
689283819090870273,3254,1099,8781173
689280876073582592,1973,705,8781173
689275259254616065,1140,243,8781173
689255633275777024,2536,1078,8781173
689154315265683456,3060,997,8781173
689143371370250240,2012,506,8781173
688916208532455424,2704,861,8781173
688908934925697024,2106,759,8781173
688898160958271489,2088,777,8781173
688894073864884227,2232,686,8781173
688828561667567616,1373,368,8781173
688804835492233216,959,191,8781173
688789766343622656,2206,657,8781173
688547210804498433,2584,692,8781173
688519176466644993,2306,722,8781173
688385280030670848,9238,4455,8781173
688211956440801280,2231,826,8781173
688179443353796608,2130,580,8781173
688116655151435777,2813,770,8781173
688064179421470721,1724,358,8781173
687841446767013888,5425,2499,8781173
687826841265172480,2734,1115,8781173
687818504314159109,2467,940,8781173
687807801670897665,2388,713,8781173
687732144991551489,1750,663,8781173
687704180304273409,2418,837,8781173
687664829264453632,1926,509,8781173
687494652870668288,1887,575,8781173
687480748861947905,1588,239,8781173
687476254459715584,1977,531,8781173
687460506001633280,2046,540,8781173
687399393394311168,1873,615,8781173
687317306314240000,20034,9120,8781173
687312378585812992,4331,1890,8781173
687127927494963200,5407,2255,8781173
687124485711986689,2160,501,8781173
687109925361856513,5766,2447,8781173
687102708889812993,2332,971,8781173
687096057537363968,2231,599,8781173
686947101016735744,8590,3175,8781173
686760001961103360,3499,1373,8781173
686749460672679938,3456,1448,8781173
686730991906516992,4119,1192,8781173
686683045143953408,2809,795,8781173
686618349602762752,3689,1357,8781173
686606069955735556,1879,541,8781173
686394059078897668,1733,685,8781173
686386521809772549,3238,873,8781173
686377065986265092,2196,563,8781173
686358356425093120,2173,664,8781173
686286779679375361,3980,1654,8781173
686050296934563840,2209,726,8781173
686035780142297088,1139,116,8781173
686034024800862208,3075,1139,8781173
686007916130873345,2477,409,8781173
686003207160610816,1820,622,8781173
685973236358713344,2089,519,8781173
685943807276412928,1622,588,8781173
685906723014619143,7462,2867,8781173
685681090388975616,2023,124,8781173
685667379192414208,2349,561,8781173
685663452032069632,3219,1449,8781173
685641971164143616,2922,772,8781173
685547936038666240,32745,15533,8781173
685532292383666176,3020,1152,8781173
685325112850124800,9406,3946,8781173
685321586178670592,2640,635,8781173
685315239903100929,3296,1037,8781173
685307451701334016,2063,440,8781173
685268753634967552,3084,1193,8781173
685198997565345792,2333,667,8781173
685169283572338688,4088,1424,8781173
684969860808454144,2377,367,8781173
684959798585110529,6792,3105,8781173
684940049151070208,3193,1041,8781173
684926975086034944,3476,457,8781173
684914660081053696,3500,1440,8781173
684902183876321280,1866,525,8781173
684880619965411328,2081,803,8781173
684830982659280897,34839,21535,8781173
684800227459624960,2728,995,8781173
684594889858887680,8857,3478,8781173
684588130326986752,4100,1404,8781173
684567543613382656,3002,1207,8781173
684538444857667585,2635,948,8781173
684481074559381504,3870,1163,8781173
684460069371654144,1965,557,8781173
684241637099323392,8095,3257,8781173
684225744407494656,1222,207,8781173
684222868335505415,3796,1360,8781173
684200372118904832,2142,1025,8781173
684195085588783105,1903,508,8781173
684188786104872960,3477,1162,8781173
684177701129875456,2004,657,8781173
684147889187209216,2969,1508,8781173
684122891630342144,2000,465,8781173
684097758874210310,4093,1422,8781173
683857920510050305,3789,1116,8781173
683852578183077888,1927,342,8781173
683849932751646720,2593,960,8781173
683834909291606017,2607,1106,8781173
683828599284170753,2778,1057,8781173
683773439333797890,3335,1341,8781173
683742671509258241,6432,3278,8781173
683515932363329536,7294,2881,8781173
683498322573824003,3165,960,8781173
683481228088049664,2637,992,8781173
683462770029932544,2409,668,8781173
683449695444799489,3874,1598,8781173
683391852557561860,7579,2384,8781173
683357973142474752,2888,909,8781173
683142553609318400,2854,1039,8781173
683111407806746624,3381,906,8781173
683098815881154561,2154,654,8781173
683078886620553216,1980,560,8781173
683030066213818368,2158,734,8781173
682962037429899265,36603,16456,8781173
682808988178739200,1770,167,8781173
682788441537560576,2462,1102,8781173
682750546109968385,1510,436,8781173
682697186228989953,1313,356,8781173
682662431982772225,3047,1075,8781173
682638830361513985,2062,595,8781173
682429480204398592,3418,1147,8781173
682406705142087680,7515,1760,8781173
682393905736888321,2221,668,8781173
682389078323662849,1645,458,8781173
682303737705140231,3040,964,8781173
682259524040966145,4122,1198,8781173
682242692827447297,3232,1154,8781173
682088079302213632,18127,9803,8781173
682059653698686977,4911,1670,8781173
682047327939461121,3176,924,8781173
682032003584274432,6527,1988,8781173
682003177596559360,3106,1514,8781173
681981167097122816,2792,1024,8781173
681891461017812993,2457,811,8781173
681694085539872773,12706,4026,8781173
681679526984871937,1766,436,8781173
681654059175129088,2626,916,8781173
681610798867845120,1891,460,8781173
681579835668455424,3529,1287,8781173
681523177663676416,14212,5716,8781173
681340665377193984,1634,275,8781173
681339448655802368,9218,4054,8781173
681320187870711809,2632,737,8781173
681302363064414209,3908,1802,8781173
681297372102656000,3186,944,8781173
681281657291280384,3206,1088,8781173
681261549936340994,1450,266,8781173
681242418453299201,1478,525,8781173
681231109724700672,2395,479,8781173
681193455364796417,3674,1470,8781173
680970795137544192,2410,649,8781173
680959110691590145,4554,1988,8781173
680940246314430465,3184,1046,8781173
680934982542561280,2073,431,8781173
680913438424612864,2385,618,8781173
680889648562991104,1754,360,8781173
680836378243002368,3438,1309,8781173
680805554198020098,2139,659,8781173
680801747103793152,2366,812,8781173
680798457301471234,2826,1022,8781173
680609293079592961,2617,693,8781173
680583894916304897,3595,1323,8781173
680497766108381184,4206,1898,8781173
680494726643068929,1705,481,8781173
680473011644985345,2528,736,8781173
680440374763077632,1433,496,8781173
680221482581123072,1457,291,8781173
680206703334408192,2810,1154,8781173
680191257256136705,2128,497,8781173
680176173301628928,3870,1535,8781173
680161097740095489,2313,726,8781173
680145970311643136,3583,1721,8781173
680130881361686529,2269,934,8781173
680115823365742593,2696,897,8781173
680100725817409536,3543,1360,8781173
680085611152338944,12714,8908,8781173
680070545539371008,2563,855,8781173
679877062409191424,1978,644,8781173
679872969355714560,2171,654,8781173
679862121895714818,2440,613,8781173
679854723806179328,2831,1217,8781173
679844490799091713,2347,752,8781173
679828447187857408,35943,13873,8781173
679777920601223168,3071,1090,8781173
679736210798047232,2078,780,8781173
679729593985699840,2150,816,8781173
679722016581222400,1649,460,8781173
679530280114372609,4756,2064,8781173
679527802031484928,2621,714,8781173
679511351870550016,3329,1251,8781173
679503373272485890,3138,1448,8781173
679475951516934144,2073,632,8781173
679462823135686656,31246,18584,8781173
679405845277462528,2345,1192,8781173
679158373988876288,21057,7941,8781173
679148763231985668,2743,1016,8781173
679132435750195208,2941,1141,8781173
679111216690831360,5891,2543,8781173
679062614270468097,16754,7972,8781173
679047485189439488,2221,658,8781173
679001094530465792,2791,1206,8781173
678991772295516161,2273,1140,8781173
678969228704284672,1630,452,8781173
678800283649069056,2533,886,8781173
678798276842360832,3414,1146,8781173
678774928607469569,2776,891,8781173
678767140346941444,3481,1340,8781173
678764513869611008,1612,468,8781173
678755239630127104,7021,3227,8781173
678740035362037760,3714,1655,8781173
678708137298427904,5525,2388,8781173
678675843183484930,2824,1436,8781173
678643457146150913,2023,400,8781173
678446151570427904,3944,1520,8781173
678424312106393600,5399,2502,8781173
678410210315247616,4157,1775,8781173
678399652199309312,78180,31267,8781173
678396796259975168,1572,408,8781173
678389028614488064,1848,418,8781173
678380236862578688,2402,897,8781173
678341075375947776,1710,528,8781173
678334497360859136,1290,249,8781173
678278586130948096,11264,5986,8781173
678255464182861824,1572,358,8781173
678023323247357953,1883,375,8781173
678021115718029313,13411,6221,8781173
677961670166224897,3365,1659,8781173
677918531514703872,1324,397,8781173
677895101218201600,4759,2034,8781173
677716515794329600,3008,966,8781173
677700003327029250,3339,1417,8781173
677698403548192770,1213,312,8781173
677687604918272002,2453,835,8781173
677673981332312066,3280,1473,8781173
677662372920729601,1923,937,8781173
677644091929329666,1824,783,8781173
677573743309385728,2094,690,8781173
677565715327688705,1274,454,8781173
677557565589463040,2404,1127,8781173
677547928504967168,6826,3602,8781173
677530072887205888,1047,223,8781173
677335745548390400,2990,1744,8781173
677334615166730240,1320,280,8781173
677331501395156992,1066,232,8781173
677328882937298944,3582,1476,8781173
677314812125323265,1614,521,8781173
677301033169788928,1214,393,8781173
677269281705472000,1950,696,8781173
677228873407442944,3486,1609,8781173
677187300187611136,2694,903,8781173
676975532580409345,2726,1046,8781173
676957860086095872,2197,797,8781173
676949632774234114,1280,388,8781173
676948236477857792,2122,847,8781173
676946864479084545,1695,361,8781173
676942428000112642,2034,736,8781173
676936541936185344,12477,4815,8781173
676916996760600576,2923,1774,8781173
676897532954456065,2205,709,8781173
676864501615042560,2056,695,8781173
676821958043033607,22461,15244,8781173
676819651066732545,1786,649,8781173
676811746707918848,1391,414,8781173
676776431406465024,4898,1982,8781173
676617503762681856,2828,938,8781173
676613908052996102,1059,197,8781173
676606785097199616,1852,424,8781173
676603393314578432,1138,375,8781173
676593408224403456,4468,2117,8781173
676590572941893632,900,119,8781173
676588346097852417,2266,762,8781173
676582956622721024,1170,268,8781173
676575501977128964,2521,1096,8781173
676533798876651520,1832,542,8781173
676496375194980353,1487,521,8781173
676470639084101634,11352,4572,8781173
676440007570247681,1684,647,8781173
676430933382295552,1367,337,8781173
676263575653122048,2036,529,8781173
676237365392908289,1183,281,8781173
676219687039057920,74724,30339,8781173
676215927814406144,1698,563,8781173
676191832485810177,2230,1007,8781173
676146341966438401,1870,645,8781173
676121918416756736,2116,1131,8781173
676101918813499392,2760,1137,8781173
676098748976615425,2936,1385,8781173
676089483918516224,1281,427,8781173
675898130735476737,1574,558,8781173
675891555769696257,2071,833,8781173
675888385639251968,2320,933,8781173
675878199931371520,4081,1366,8781173
675870721063669760,1588,551,8781173
675853064436391936,2625,1258,8781173
675849018447167488,917,140,8781173
675845657354215424,2217,855,8781173
675822767435051008,1483,521,8781173
675820929667219457,1022,230,8781173
675798442703122432,10000,3324,8781173
675781562965868544,1593,454,8781173
675740360753160193,1136,332,8781173
675710890956750848,1839,793,8781173
675707330206547968,1922,663,8781173
675706639471788032,628,93,8781173
675534494439489536,1782,403,8781173
675531475945709568,1156,370,8781173
675522403582218240,1013,281,8781173
675517828909424640,1257,451,8781173
675501075957489664,16707,5668,8781173
675497103322386432,3051,1254,8781173
675489971617296384,1261,576,8781173
675483430902214656,1793,952,8781173
675432746517426176,1477,552,8781173
675372240448454658,1641,501,8781173
675362609739206656,1022,225,8781173
675354435921575936,31607,16273,8781173
675349384339542016,3806,2200,8781173
675334060156301312,2686,1246,8781173
675166823650848770,3467,1538,8781173
675153376133427200,6067,2498,8781173
675149409102012420,3639,1633,8781173
675147105808306176,915,227,8781173
675146535592706048,1148,287,8781173
675145476954566656,2071,869,8781173
675135153782571009,1267,467,8781173
675113801096802304,1890,759,8781173
675111688094527488,934,244,8781173
675109292475830276,2713,1098,8781173
675047298674663426,1037,311,8781173
675015141583413248,2627,1147,8781173
675006312288268288,953,216,8781173
675003128568291329,1517,451,8781173
674999807681908736,2179,1069,8781173
674805413498527744,836,343,8781173
674800520222154752,2922,826,8781173
674793399141146624,2434,1052,8781173
674790488185167872,1072,242,8781173
674788554665512960,791,202,8781173
674781762103414784,1943,1153,8781173
674774481756377088,1082,452,8781173
674767892831932416,1773,754,8781173
674764817387900928,771,229,8781173
674754018082705410,1328,430,8781173
674752233200820224,1423,448,8781173
674743008475090944,1353,530,8781173
674742531037511680,472,49,8781173
674739953134403584,1066,375,8781173
674737130913071104,626,85,8781173
674690135443775488,1111,456,8781173
674670581682434048,1557,625,8781173
674664755118911488,882,243,8781173
674646392044941312,1388,474,8781173
674644256330530816,999,260,8781173
674638615994089473,1635,560,8781173
674632714662858753,1454,554,8781173
674606911342424069,909,95,8781173
674468880899788800,6022,1962,8781173
674447403907457024,1028,346,8781173
674436901579923456,1075,375,8781173
674422304705744896,1385,523,8781173
674416750885273600,667,132,8781173
674410619106390016,1160,444,8781173
674394782723014656,1460,552,8781173
674372068062928900,826,304,8781173
674330906434379776,546,72,8781173
674318007229923329,1362,503,8781173
674307341513269249,10974,6712,8781173
674291837063053312,14201,5646,8781173
674271431610523648,1517,708,8781173
674269164442398721,882,222,8781173
674265582246694913,1583,810,8781173
674262580978937856,1266,435,8781173
674255168825880576,1413,524,8781173
674082852460433408,736,163,8781173
674075285688614912,956,274,8781173
674063288070742018,6165,2112,8781173
674053186244734976,3181,1247,8781173
674051556661161984,1401,472,8781173
674045139690631169,1360,615,8781173
674042553264685056,696,121,8781173
674038233588723717,1067,401,8781173
674036086168010753,820,201,8781173
674024893172875264,1714,1177,8781173
674019345211760640,1089,292,8781173
674014384960745472,1504,610,8781173
674008982932058114,1153,339,8781173
673956914389192708,1886,917,8781173
673919437611909120,1130,357,8781173
673906403526995968,3061,1565,8781173
673887867907739649,907,244,8781173
673716320723169284,2976,720,8781173
673715861853720576,3411,1979,8781173
673711475735838725,1004,287,8781173
673709992831262724,807,262,8781173
673708611235921920,1041,275,8781173
673707060090052608,1063,379,8781173
673705679337693185,1215,394,8781173
673700254269775872,1380,544,8781173
673697980713705472,3826,1893,8781173
673689733134946305,1676,619,8781173
673688752737402881,1218,475,8781173
673686845050527744,1387,415,8781173
673680198160809984,1321,446,8781173
673662677122719744,1210,352,8781173
673656262056419329,693,228,8781173
673636718965334016,1063,346,8781173
673612854080196609,1545,690,8781173
673583129559498752,1147,345,8781173
673580926094458881,804,264,8781173
673576835670777856,1336,542,8781173
673363615379013632,988,291,8781173
673359818736984064,1397,645,8781173
673355879178194945,1452,553,8781173
673352124999274496,1601,518,8781173
673350198937153538,724,201,8781173
673345638550134785,2419,1209,8781173
673343217010679808,933,258,8781173
673342308415348736,1230,551,8781173
673320132811366400,12944,7551,8781173
673317986296586240,847,244,8781173
673295268553605120,7234,3045,8781173
673270968295534593,1037,347,8781173
673240798075449344,1373,692,8781173
673213039743795200,2166,806,8781173
673148804208660480,1632,602,8781173
672997845381865473,1897,681,8781173
672995267319328768,915,273,8781173
672988786805112832,955,277,8781173
672984142909456390,1215,521,8781173
672980819271634944,1753,972,8781173
672975131468300288,1614,865,8781173
672970152493887488,917,341,8781173
672968025906282496,1278,519,8781173
672964561327235073,1371,616,8781173
672902681409806336,1319,476,8781173
672898206762672129,875,405,8781173
672884426393653248,1488,808,8781173
672877615439593473,995,337,8781173
672834301050937345,1262,539,8781173
672828477930868736,1212,467,8781173
672640509974827008,943,303,8781173
672622327801233409,1244,465,8781173
672614745925664768,1182,555,8781173
672609152938721280,1072,373,8781173
672604026190569472,1069,383,8781173
672594978741354496,1288,587,8781173
672591762242805761,920,323,8781173
672591271085670400,695,177,8781173
672538107540070400,992,346,8781173
672523490734551040,608,160,8781173
672488522314567680,1067,416,8781173
672482722825261057,1084,570,8781173
672481316919734272,693,123,8781173
672475084225949696,1394,672,8781173
672466075045466113,1307,509,8781173
672272411274932228,6206,3218,8781173
672267570918129665,1435,593,8781173
672264251789176834,1094,324,8781173
672256522047614977,2719,1468,8781173
672254177670729728,1382,707,8781173
672248013293752320,1669,572,8781173
672245253877968896,660,147,8781173
672239279297454080,863,309,8781173
672231046314901505,1755,963,8781173
672222792075620352,756,203,8781173
672205392827572224,2173,1104,8781173
672169685991993344,983,352,8781173
672160042234327040,843,341,8781173
672139350159835138,1677,662,8781173
672125275208069120,2289,1093,8781173
672095186491711488,964,355,8781173
672082170312290304,907,349,8781173
672068090318987265,1245,494,8781173
671896809300709376,8169,3998,8781173
671891728106971137,1265,549,8781173
671882082306625538,3332,1327,8781173
671879137494245376,1356,637,8781173
671874878652489728,1203,525,8781173
671866342182637568,1078,472,8781173
671855973984772097,871,418,8781173
671789708968640512,6786,3318,8781173
671768281401958400,1152,477,8781173
671763349865160704,1610,864,8781173
671744970634719232,1297,725,8781173
671743150407421952,723,227,8781173
671735591348891648,1389,725,8781173
671729906628341761,8171,4159,8781173
671561002136281088,12282,6918,8781173
671550332464455680,874,201,8781173
671547767500775424,1294,565,8781173
671544874165002241,1889,1002,8781173
671542985629241344,1050,538,8781173
671538301157904385,897,371,8781173
671536543010570240,1122,387,8781173
671533943490011136,985,552,8781173
671528761649688577,814,248,8781173
671520732782923777,1339,504,8781173
671518598289059840,915,284,8781173
671511350426865664,1538,672,8781173
671504605491109889,6717,3398,8781173
671497587707535361,882,428,8781173
671488513339211776,964,454,8781173
671486386088865792,558,186,8781173
671485057807351808,730,223,8781173
671390180817915904,1386,712,8781173
671362598324076544,1062,286,8781173
671357843010908160,386,147,8781173
671355857343524864,467,113,8781173
671347597085433856,919,412,8781173
671186162933985280,703,201,8781173
671182547775299584,1075,321,8781173
671166507850801152,842,330,8781173
671163268581498880,1585,1047,8781173
671159727754231808,356,76,8781173
671154572044468225,685,208,8781173
671151324042559489,643,144,8781173
671147085991960577,643,204,8781173
671141549288370177,1108,625,8781173
671138694582165504,889,382,8781173
671134062904504320,717,184,8781173
671122204919246848,3366,2402,8781173
671115716440031232,1312,745,8781173
671109016219725825,1105,418,8781173
670995969505435648,1070,280,8781173
670842764863651840,23717,8303,8781173
670840546554966016,563,185,8781173
670838202509447168,1071,663,8781173
670833812859932673,424,116,8781173
670832455012716544,706,207,8781173
670826280409919488,5302,3878,8781173
670823764196741120,744,179,8781173
670822709593571328,585,91,8781173
670815497391357952,3043,1470,8781173
670811965569282048,1087,259,8781173
670807719151067136,1122,465,8781173
670804601705242624,1885,914,8781173
670803562457407488,331,84,8781173
670797304698376195,709,226,8781173
670792680469889025,793,261,8781173
670789397210615808,635,224,8781173
670786190031921152,577,193,8781173
670783437142401025,797,367,8781173
670782429121134593,1493,733,8781173
670780561024270336,761,277,8781173
670778058496974848,319,70,8781173
670764103623966721,1039,400,8781173
670755717859713024,425,104,8781173
670733412878163972,922,492,8781173
670727704916926465,800,341,8781173
670717338665226240,1152,460,8781173
670704688707301377,747,355,8781173
670691627984359425,569,231,8781173
670679630144274432,725,269,8781173
670676092097810432,239,39,8781173
670668383499735048,10253,4782,8781173
670474236058800128,1456,707,8781173
670468609693655041,344,83,8781173
670465786746662913,933,520,8781173
670452855871037440,530,194,8781173
670449342516494336,1154,622,8781173
670444955656130560,6459,1892,8781173
670442337873600512,624,190,8781173
670435821946826752,1015,490,8781173
670434127938719744,1352,618,8781173
670433248821026816,318,106,8781173
670428280563085312,1328,591,8781173
670427002554466305,502,152,8781173
670421925039075328,1256,603,8781173
670420569653809152,598,301,8781173
670417414769758208,550,306,8781173
670411370698022913,1946,847,8781173
670408998013820928,536,209,8781173
670403879788544000,409,144,8781173
670385711116361728,544,193,8781173
670374371102445568,720,258,8781173
670361874861563904,318,62,8781173
670338931251150849,411,102,8781173
670319130621435904,3734,1162,8781173
670303360680108032,416,125,8781173
670290420111441920,674,270,8781173
670093938074779648,988,316,8781173
670086499208155136,672,244,8781173
670079681849372674,2131,1166,8781173
670073503555706880,1504,751,8781173
670069087419133954,599,225,8781173
670061506722140161,734,316,8781173
670055038660800512,643,314,8781173
670046952931721218,621,161,8781173
670040295598354432,724,105,8781173
670037189829525505,572,260,8781173
670003130994700288,318,86,8781173
669993076832759809,313,79,8781173
669972011175813120,426,149,8781173
669970042633789440,291,55,8781173
669942763794931712,487,151,8781173
669926384437997569,363,93,8781173
669923323644657664,224,53,8781173
669753178989142016,777,377,8781173
669749430875258880,253,63,8781173
669684865554620416,496,86,8781173
669683899023405056,373,102,8781173
669682095984410625,342,128,8781173
669680153564442624,647,269,8781173
669661792646373376,778,411,8781173
669625907762618368,3384,1721,8781173
669603084620980224,916,344,8781173
669597912108789760,496,142,8781173
669583744538451968,1434,882,8781173
669573570759163904,421,132,8781173
669571471778410496,1532,973,8781173
669567591774625800,227,53,8781173
669564461267722241,373,117,8781173
669393256313184256,348,70,8781173
669375718304980992,1274,693,8781173
669371483794317312,476,171,8781173
669367896104181761,442,143,8781173
669363888236994561,600,216,8781173
669359674819481600,357,114,8781173
669354382627049472,2591,1221,8781173
669353438988365824,603,248,8781173
669351434509529089,417,171,8781173
669328503091937280,979,398,8781173
669327207240699904,553,114,8781173
669324657376567296,484,198,8781173
669216679721873412,1146,389,8781173
669214165781868544,422,151,8781173
669203728096960512,969,449,8781173
669037058363662336,629,298,8781173
669015743032369152,715,357,8781173
669006782128353280,555,235,8781173
669000397445533696,20074,6083,8781173
668994913074286592,422,216,8781173
668992363537309700,718,323,8781173
668989615043424256,648,315,8781173
668988183816871936,868,440,8781173
668986018524233728,531,156,8781173
668981893510119424,518,287,8781173
668979806671884288,767,332,8781173
668975677807423489,1251,555,8781173
668967877119254528,139,21,8781173
668960084974809088,679,231,8781173
668955713004314625,265,67,8781173
668932921458302977,252,55,8781173
668902994700836864,306,97,8781173
668892474547511297,384,143,8781173
668872652652679168,507,289,8781173
668852170888998912,435,153,8781173
668826086256599040,420,128,8781173
668815180734689280,540,252,8781173
668779399630725120,680,350,8781173
668655139528511488,503,209,8781173
668645506898350081,842,507,8781173
668643542311546881,842,505,8781173
668641109086707712,1029,518,8781173
668636665813057536,1000,469,8781173
668633411083464705,2687,1536,8781173
668631377374486528,679,302,8781173
668627278264475648,304,109,8781173
668625577880875008,368,122,8781173
668623201287675904,1367,718,8781173
668620235289837568,191,38,8781173
668614819948453888,594,304,8781173
668587383441514497,1595,1024,8781173
668567822092664832,233,50,8781173
668544745690562560,493,215,8781173
668542336805281792,435,202,8781173
668537837512433665,245,67,8781173
668528771708952576,446,213,8781173
668507509523615744,312,100,8781173
668496999348633600,392,125,8781173
668484198282485761,413,222,8781173
668480044826800133,440,141,8781173
668466899341221888,856,489,8781173
668297328638447616,603,282,8781173
668291999406125056,234,29,8781173
668286279830867968,484,130,8781173
668274247790391296,788,223,8781173
668268907921326080,534,222,8781173
668256321989451776,1242,573,8781173
668248472370458624,930,460,8781173
668237644992782336,5928,2706,8781173
668226093875376128,287,97,8781173
668221241640230912,496,187,8781173
668204964695683073,535,186,8781173
668190681446379520,621,191,8781173
668171859951755264,465,183,8781173
668154635664932864,479,295,8781173
668142349051129856,554,267,8781173
668113020489474048,644,224,8781173
667937095915278337,1202,757,8781173
667924896115245057,284,108,8781173
667915453470232577,199,53,8781173
667911425562669056,473,282,8781173
667902449697558528,824,360,8781173
667886921285246976,1790,1027,8781173
667885044254572545,786,449,8781173
667878741721415682,378,113,8781173
667873844930215936,602,384,8781173
667866724293877760,2898,983,8781173
667861340749471744,234,74,8781173
667832474953625600,285,59,8781173
667806454573760512,1012,468,8781173
667801013445750784,316,93,8781173
667793409583771648,675,313,8781173
667782464991965184,397,234,8781173
667773195014021121,225,52,8781173
667766675769573376,420,204,8781173
667728196545200128,364,143,8781173
667724302356258817,460,306,8781173
667550904950915073,0,33,8781173
667550882905632768,0,32,8781173
667549055577362432,5513,2143,8781173
667546741521195010,325,116,8781173
667544320556335104,823,499,8781173
667538891197542400,197,61,8781173
667534815156183040,785,496,8781173
667530908589760512,446,224,8781173
667524857454854144,1617,1061,8781173
667517642048163840,352,181,8781173
667509364010450944,6492,2019,8781173
667502640335572993,518,212,8781173
667495797102141441,500,253,8781173
667491009379606528,507,212,8781173
667470559035432960,245,90,8781173
667455448082227200,183,56,8781173
667453023279554560,298,84,8781173
667443425659232256,748,547,8781173
667437278097252352,430,225,8781173
667435689202614272,297,82,8781173
667405339315146752,448,213,8781173
667393430834667520,187,52,8781173
667369227918143488,351,153,8781173
667211855547486208,465,225,8781173
667200525029539841,586,247,8781173
667192066997374976,368,93,8781173
667188689915760640,713,379,8781173
667182792070062081,13634,5843,8781173
667177989038297088,184,51,8781173
667176164155375616,582,433,8781173
667174963120574464,234,74,8781173
667171260800061440,211,79,8781173
667165590075940865,2564,1067,8781173
667160273090932737,247,60,8781173
667152164079423490,45470,16030,8781173
667138269671505920,4362,2067,8781173
667119796878725120,318,123,8781173
667090893657276420,316,118,8781173
667073648344346624,379,112,8781173
667070482143944705,80,14,8781173
667065535570550784,161,42,8781173
667062181243039745,210,49,8781173
667044094246576128,175,46,8781173
667012601033924608,426,211,8781173
666996132027977728,231,84,8781173
666983947667116034,2421,927,8781173
666837028449972224,768,522,8781173
666835007768551424,201,77,8781173
666826780179869698,243,87,8781173
666817836334096384,490,236,8781173
666804364988780544,221,85,8781173
666786068205871104,718,456,8781173
666781792255496192,365,179,8781173
666776908487630848,331,161,8781173
666739327293083650,222,62,8781173
666701168228331520,407,206,8781173
666691418707132416,176,45,8781173
666649482315059201,1062,582,8781173
666644823164719104,221,76,8781173
666454714377183233,490,199,8781173
666447344410484738,98,18,8781173
666437273139982337,116,42,8781173
666435652385423360,158,47,8781173
666430724426358785,299,177,8781173
666428276349472768,156,77,8781173
666421158376562688,300,105,8781173
666418789513326592,115,42,8781173
666411507551481857,413,298,8781173
666407126856765440,100,32,8781173
666396247373291520,158,75,8781173
666373753744588802,173,83,8781173
666362758909284353,725,518,8781173
666353288456101888,198,66,8781173
666345417576210432,275,128,8781173
666337882303524864,181,83,8781173
666293911632134144,466,317,8781173
666287406224695296,136,61,8781173
666273097616637952,161,70,8781173
666268910803644416,96,32,8781173
666104133288665088,13620,5977,8781173
666102155909144576,70,11,8781173
666099513787052032,143,60,8781173
666094000022159362,154,66,8781173
666082916733198337,103,41,8781173
666073100786774016,298,146,8781173
666071193221509120,136,53,8781173
666063827256086533,448,197,8781173
666058600524156928,106,53,8781173
666057090499244032,269,125,8781173
666055525042405380,408,220,8781173
666051853826850816,1124,775,8781173
666050758794694657,124,51,8781173
666049248165822465,96,40,8781173
666044226329800704,272,131,8781173
666033412701032449,112,41,8781173
666029285002620928,121,42,8781173
666020888022790149,2411,460,8781173
